-109 1
-108 1
-107 1
-104 1
-102 1
-92 1
-91 1
-86 1
-84 2
-83 2
-82 1
-81 3
-80 4
-78 2
-75 3
-72 1
-71 1
-70 1
-69 2
-68 1
-67 4
-66 2
-63 2
-62 1
-61 2
-60 4
-59 5
-57 4
-56 4
-55 2
-54 2
-53 2
-52 4
-51 2
-50 4
-49 2
-48 2
-47 2
-46 1
-45 3
-44 3
-43 8
-42 5
-41 14
-40 6
-39 6
-38 8
-37 10
-36 9
-35 6
-34 13
-33 10
-32 11
-31 4
-30 8
-29 11
-28 18
-27 16
-26 18
-25 18
-24 20
-23 20
-22 17
-21 26
-20 22
-19 31
-18 32
-17 33
-16 42
-15 50
-14 43
-13 58
-12 40
-11 73
-10 90
-9 89
-8 106
-7 119
-6 127
-5 136
-4 204
-3 238
-2 300
-1 467
0 656
1 527
2 349
3 249
4 196
5 153
6 153
7 117
8 81
9 80
10 94
11 82
12 66
13 51
14 53
15 42
16 47
17 38
18 24
19 23
20 24
21 26
22 19
23 20
24 21
25 23
26 15
27 20
28 12
29 14
30 11
31 9
32 13
33 7
34 7
35 11
36 8
37 10
38 1
39 3
40 9
41 7
42 4
43 3
44 3
45 6
46 6
47 3
48 1
49 7
50 2
51 5
52 5
53 5
54 5
55 2
56 1
57 2
58 3
59 2
60 2
61 1
62 3
63 2
64 2
66 1
67 3
68 1
72 1
74 1
75 1
77 1
78 1
80 2
81 1
83 3
85 2
91 1
93 1
96 1
98 1
99 1
100 1
102 1
105 1
112 1
115 1
