-112 1
-110 1
-109 1
-101 1
-100 1
-99 1
-98 1
-95 1
-93 1
-91 1
-86 1
-85 1
-84 1
-83 3
-82 2
-80 1
-79 2
-78 2
-76 1
-74 2
-71 2
-70 2
-69 2
-68 2
-67 4
-66 2
-65 1
-64 1
-63 2
-62 2
-61 3
-60 3
-58 3
-57 1
-56 2
-55 8
-54 2
-53 4
-52 2
-51 1
-50 2
-49 7
-48 4
-47 3
-46 1
-45 3
-44 4
-43 3
-42 4
-41 5
-40 9
-39 4
-38 9
-37 7
-36 6
-35 8
-34 16
-33 15
-32 15
-31 5
-30 12
-29 20
-28 12
-27 20
-26 26
-25 23
-24 23
-23 21
-22 13
-21 28
-20 28
-19 24
-18 33
-17 32
-16 41
-15 60
-14 51
-13 59
-12 64
-11 70
-10 68
-9 86
-8 104
-7 89
-6 138
-5 153
-4 148
-3 232
-2 318
-1 437
0 640
1 512
2 328
3 304
4 194
5 140
6 142
7 122
8 114
9 89
10 72
11 72
12 73
13 61
14 49
15 44
16 34
17 39
18 36
19 37
20 23
21 35
22 19
23 17
24 13
25 21
26 18
27 16
28 23
29 13
30 12
31 6
32 11
33 8
34 8
35 11
36 11
37 6
38 10
39 7
40 7
41 3
42 2
43 3
44 7
45 3
46 5
47 1
48 8
49 5
50 4
51 3
52 2
53 3
54 3
55 6
56 5
57 5
58 5
59 3
60 1
61 1
62 3
63 1
66 1
67 3
69 1
70 1
72 1
74 1
80 1
84 1
87 1
88 2
90 1
92 1
98 1
99 2
100 2
102 1
104 1
105 1
107 1
116 2
145 1
