-118 1
-105 1
-104 1
-102 1
-101 2
-99 1
-96 1
-92 1
-86 1
-85 1
-83 1
-82 3
-80 1
-79 3
-78 1
-76 1
-75 1
-74 2
-73 2
-72 1
-71 1
-70 1
-69 1
-68 1
-67 2
-66 1
-65 2
-61 3
-60 3
-59 2
-58 5
-57 4
-56 4
-55 3
-54 2
-53 2
-52 1
-51 6
-50 1
-49 3
-48 6
-45 4
-44 6
-43 2
-42 3
-41 4
-40 9
-39 11
-38 6
-37 10
-36 10
-35 7
-34 11
-33 10
-32 10
-31 17
-30 7
-29 15
-28 19
-27 15
-26 15
-25 19
-24 14
-23 19
-22 21
-21 23
-20 24
-19 25
-18 29
-17 41
-16 35
-15 45
-14 60
-13 45
-12 64
-11 56
-10 72
-9 92
-8 113
-7 130
-6 122
-5 155
-4 169
-3 217
-2 344
-1 454
0 655
1 559
2 311
3 250
4 205
5 173
6 133
7 126
8 102
9 83
10 80
11 63
12 66
13 53
14 58
15 47
16 33
17 35
18 32
19 49
20 22
21 24
22 23
23 21
24 15
25 19
26 12
27 13
28 17
29 6
30 8
31 13
32 7
33 11
34 8
35 8
36 8
37 11
38 3
39 8
40 7
41 11
42 3
43 7
44 4
45 3
46 5
47 2
48 2
49 6
50 5
51 5
52 3
53 2
54 1
55 3
56 1
57 6
58 1
59 2
61 1
62 1
63 1
64 2
65 1
66 1
67 1
68 1
70 1
71 1
73 1
74 2
77 2
79 1
80 2
82 1
83 1
86 1
87 1
91 1
93 3
95 2
97 2
98 1
100 2
134 1
