-110 1
-107 1
-102 2
-100 1
-99 1
-98 1
-90 1
-88 1
-87 3
-86 1
-85 1
-84 1
-83 1
-81 1
-80 1
-78 1
-77 1
-76 4
-73 2
-72 2
-71 2
-70 1
-68 1
-67 1
-66 1
-64 3
-63 2
-62 1
-61 4
-60 1
-59 1
-58 5
-57 2
-56 1
-55 7
-54 2
-53 7
-52 4
-51 3
-50 6
-48 6
-47 3
-46 3
-45 4
-44 2
-43 1
-42 6
-41 9
-40 7
-39 8
-38 8
-37 8
-36 4
-35 10
-34 10
-33 9
-32 9
-31 18
-30 9
-29 18
-28 11
-27 20
-26 13
-25 32
-24 18
-23 23
-22 24
-21 22
-20 27
-19 26
-18 28
-17 32
-16 41
-15 41
-14 51
-13 56
-12 53
-11 60
-10 75
-9 85
-8 114
-7 121
-6 134
-5 142
-4 171
-3 231
-2 317
-1 466
0 653
1 543
2 326
3 240
4 179
5 179
6 131
7 108
8 104
9 85
10 79
11 80
12 56
13 65
14 65
15 32
16 44
17 35
18 35
19 22
20 23
21 32
22 28
23 25
24 22
25 18
26 15
27 21
28 14
29 12
30 12
31 9
32 11
33 12
34 8
35 11
36 7
37 4
38 6
39 3
40 4
41 10
42 6
43 5
44 6
45 5
46 3
47 3
48 6
49 3
50 3
51 7
52 4
53 2
54 1
55 2
56 6
57 4
58 2
59 4
60 2
61 1
62 1
63 4
64 1
67 1
70 2
72 2
73 1
75 1
79 2
81 2
86 1
87 1
88 1
89 1
91 1
95 1
101 1
102 1
104 1
105 1
106 2
112 2
119 1
