-126 1
-111 1
-109 2
-105 1
-102 1
-99 1
-98 1
-97 1
-91 1
-90 1
-88 3
-85 1
-84 2
-83 4
-82 1
-79 2
-78 1
-77 1
-76 2
-75 1
-74 1
-73 1
-72 2
-71 1
-70 1
-69 2
-67 1
-66 3
-65 1
-64 3
-63 5
-62 3
-61 1
-60 2
-59 4
-56 3
-55 8
-54 1
-53 3
-52 2
-51 8
-50 4
-49 2
-48 2
-47 5
-46 4
-45 7
-44 6
-43 3
-42 9
-41 8
-40 6
-39 10
-38 5
-37 8
-36 14
-35 9
-34 6
-33 14
-32 10
-31 17
-30 25
-29 20
-28 17
-27 13
-26 21
-25 18
-24 12
-23 26
-22 33
-21 29
-20 37
-19 37
-18 35
-17 44
-16 44
-15 52
-14 42
-13 57
-12 57
-11 70
-10 95
-9 88
-8 108
-7 94
-6 132
-5 141
-4 171
-3 209
-2 276
-1 477
0 588
1 515
2 334
3 197
4 176
5 145
6 117
7 112
8 123
9 96
10 70
11 87
12 74
13 58
14 52
15 59
16 41
17 46
18 32
19 40
20 20
21 24
22 25
23 31
24 23
25 30
26 21
27 20
28 14
29 15
30 13
31 11
32 16
33 17
34 15
35 8
36 7
37 8
38 11
39 5
40 4
41 8
42 7
43 4
44 6
45 4
46 4
47 8
48 6
49 7
50 4
51 4
52 4
53 2
54 4
55 2
57 4
58 3
59 3
60 2
61 1
62 1
63 1
64 1
65 7
67 2
68 2
69 1
73 1
74 1
75 1
76 4
80 1
81 2
82 1
86 1
88 1
89 1
92 1
98 3
99 2
100 1
103 1
104 1
106 1
107 1
111 1
112 1
113 1
