-127 1
-109 1
-108 1
-105 2
-100 1
-99 1
-98 1
-89 2
-88 3
-87 1
-86 1
-85 2
-83 1
-82 1
-81 3
-80 3
-79 1
-77 1
-76 1
-75 1
-74 1
-73 3
-72 1
-71 3
-69 1
-68 4
-67 2
-66 1
-65 3
-64 1
-63 1
-62 2
-61 3
-60 4
-59 4
-58 2
-57 2
-55 4
-54 3
-53 5
-52 3
-51 3
-50 7
-49 3
-48 7
-47 3
-46 6
-45 5
-44 6
-43 2
-42 8
-41 6
-40 8
-39 10
-38 5
-37 17
-36 5
-35 14
-34 17
-33 7
-32 12
-31 15
-30 18
-29 23
-28 18
-27 24
-26 17
-25 19
-24 25
-23 25
-22 24
-21 33
-20 32
-19 29
-18 43
-17 35
-16 49
-15 54
-14 61
-13 64
-12 56
-11 77
-10 55
-9 103
-8 95
-7 103
-6 116
-5 146
-4 176
-3 210
-2 278
-1 439
0 596
1 491
2 332
3 236
4 166
5 152
6 114
7 119
8 107
9 77
10 85
11 74
12 68
13 59
14 65
15 55
16 43
17 49
18 31
19 34
20 34
21 35
22 24
23 25
24 26
25 13
26 27
27 20
28 19
29 18
30 19
31 10
32 15
33 11
34 7
35 9
36 8
37 9
38 16
39 6
40 4
41 7
42 4
43 6
44 9
45 6
46 5
47 7
48 6
49 5
50 3
51 9
52 4
53 2
54 5
55 5
57 5
58 1
59 1
60 2
61 2
62 2
63 1
64 5
65 3
66 3
67 1
69 1
70 3
71 2
73 2
74 1
78 1
80 1
81 1
83 1
84 1
86 1
87 1
89 1
94 1
95 1
97 1
98 1
99 2
100 1
101 1
103 1
104 2
105 1
107 2
115 1
