-109 1
-106 1
-104 1
-102 2
-98 1
-97 1
-96 1
-94 1
-93 3
-89 1
-87 1
-85 1
-84 1
-81 1
-80 2
-79 2
-78 3
-75 2
-74 4
-73 1
-70 2
-69 2
-67 2
-66 1
-65 3
-64 3
-63 1
-62 2
-61 2
-60 2
-59 1
-58 2
-57 1
-56 1
-55 2
-54 3
-53 6
-52 5
-51 2
-50 4
-49 4
-48 5
-47 9
-46 4
-45 2
-44 4
-43 7
-42 5
-41 7
-40 6
-39 4
-38 8
-37 7
-36 8
-35 13
-34 11
-33 12
-32 9
-31 14
-30 12
-29 12
-28 22
-27 20
-26 16
-25 25
-24 16
-23 20
-22 18
-21 31
-20 30
-19 31
-18 29
-17 44
-16 42
-15 37
-14 52
-13 62
-12 73
-11 56
-10 80
-9 74
-8 89
-7 115
-6 125
-5 143
-4 176
-3 221
-2 304
-1 488
0 660
1 499
2 315
3 236
4 207
5 153
6 130
7 116
8 97
9 108
10 80
11 69
12 63
13 51
14 58
15 40
16 45
17 39
18 38
19 35
20 20
21 28
22 36
23 17
24 24
25 10
26 25
27 20
28 16
29 13
30 15
31 12
32 13
33 5
34 14
35 6
36 14
37 5
38 4
39 6
40 7
41 6
42 9
43 4
44 3
45 3
46 5
47 3
48 4
49 3
50 5
51 4
52 3
53 6
54 6
55 2
56 2
57 4
58 5
59 2
60 1
62 1
63 5
65 1
67 1
68 2
69 1
73 1
76 3
77 1
79 1
82 1
85 1
86 2
88 2
89 1
92 1
97 1
98 1
100 1
102 1
103 1
105 2
118 1
124 1
127 1
