-108 1
-107 1
-103 1
-102 2
-101 1
-99 1
-95 1
-93 2
-90 1
-84 1
-82 1
-81 2
-78 1
-76 3
-75 1
-74 2
-73 2
-72 2
-70 2
-68 3
-67 3
-65 1
-64 1
-63 1
-62 2
-60 1
-59 4
-58 3
-57 5
-56 5
-55 2
-54 2
-53 4
-52 2
-51 3
-50 4
-49 2
-48 2
-47 6
-46 1
-45 3
-44 5
-43 4
-42 1
-41 7
-40 3
-39 11
-38 2
-37 7
-36 9
-35 11
-34 10
-33 7
-32 12
-31 18
-30 14
-29 6
-28 21
-27 13
-26 14
-25 22
-24 9
-23 18
-22 16
-21 18
-20 40
-19 24
-18 37
-17 33
-16 31
-15 47
-14 41
-13 62
-12 58
-11 68
-10 70
-9 76
-8 104
-7 115
-6 133
-5 177
-4 174
-3 236
-2 297
-1 443
0 688
1 560
2 342
3 240
4 214
5 175
6 129
7 143
8 100
9 77
10 80
11 72
12 67
13 38
14 52
15 47
16 38
17 40
18 21
19 38
20 29
21 24
22 23
23 18
24 21
25 16
26 15
27 13
28 16
29 13
30 6
31 7
32 7
33 14
34 9
35 7
36 3
37 4
38 11
39 7
40 7
41 3
42 4
43 8
44 1
45 8
46 5
47 3
48 3
49 6
50 8
52 3
53 3
55 3
56 2
57 1
59 1
60 3
61 2
63 2
64 2
65 2
66 1
68 2
69 1
70 1
71 1
74 1
80 1
81 1
82 4
84 1
85 2
87 3
88 1
90 1
100 1
102 1
103 1
104 1
108 1
109 1
121 1
