-136 1
-110 1
-108 1
-107 1
-105 1
-101 1
-100 1
-97 1
-95 2
-93 1
-88 1
-86 4
-85 2
-84 1
-82 1
-81 1
-80 1
-78 2
-77 1
-76 1
-75 1
-74 3
-73 4
-72 4
-70 1
-69 1
-68 2
-67 2
-66 3
-64 1
-63 2
-62 3
-61 3
-60 5
-59 3
-58 4
-57 3
-56 1
-55 1
-54 7
-53 3
-52 5
-51 4
-50 8
-49 2
-48 5
-47 6
-46 5
-45 6
-44 8
-43 6
-42 4
-41 6
-40 13
-39 9
-38 5
-37 6
-36 7
-35 12
-34 9
-33 18
-32 12
-31 13
-30 26
-29 19
-28 14
-27 21
-26 23
-25 22
-24 26
-23 24
-22 29
-21 46
-20 26
-19 30
-18 43
-17 42
-16 51
-15 51
-14 56
-13 52
-12 80
-11 72
-10 81
-9 83
-8 93
-7 104
-6 110
-5 128
-4 191
-3 213
-2 325
-1 419
0 571
1 432
2 311
3 222
4 174
5 166
6 129
7 123
8 110
9 88
10 83
11 70
12 57
13 62
14 62
15 43
16 39
17 45
18 46
19 36
20 40
21 20
22 32
23 26
24 30
25 25
26 19
27 20
28 20
29 18
30 18
31 18
32 14
33 14
34 7
35 13
36 11
37 8
38 10
39 5
40 4
41 9
42 4
43 10
44 7
45 6
46 8
47 5
48 6
49 7
50 2
51 6
52 8
53 4
54 5
55 1
56 6
57 1
58 1
59 2
60 3
62 4
63 2
64 2
66 1
67 4
68 3
69 3
70 3
72 1
74 1
75 2
78 1
80 2
81 1
83 1
85 1
86 2
90 1
93 1
94 1
95 1
98 2
99 1
103 1
104 3
105 3
116 1
117 1
