-119 1
-118 1
-109 1
-102 2
-100 1
-97 1
-95 1
-92 2
-91 1
-90 1
-89 1
-86 1
-84 2
-82 1
-81 2
-80 1
-79 1
-78 4
-77 1
-75 2
-74 1
-72 1
-71 2
-70 1
-69 1
-68 3
-67 1
-66 1
-64 3
-63 6
-62 1
-61 1
-60 4
-59 2
-58 2
-57 1
-56 3
-55 3
-54 7
-53 2
-52 1
-51 4
-50 5
-49 1
-48 9
-47 3
-46 3
-45 2
-44 6
-43 7
-42 5
-41 5
-40 6
-39 14
-38 5
-37 9
-36 14
-35 11
-34 11
-33 19
-32 8
-31 14
-30 16
-29 22
-28 17
-27 15
-26 23
-25 16
-24 24
-23 20
-22 26
-21 19
-20 32
-19 27
-18 37
-17 56
-16 48
-15 41
-14 48
-13 63
-12 54
-11 66
-10 85
-9 91
-8 89
-7 122
-6 122
-5 148
-4 191
-3 202
-2 286
-1 456
0 587
1 503
2 313
3 226
4 182
5 143
6 158
7 119
8 107
9 109
10 83
11 80
12 77
13 62
14 56
15 39
16 35
17 48
18 35
19 34
20 30
21 33
22 21
23 18
24 28
25 14
26 18
27 18
28 23
29 13
30 10
31 14
32 7
33 13
34 12
35 13
36 9
37 6
38 9
39 8
40 11
41 4
42 6
43 7
44 8
45 4
47 3
48 4
49 8
50 4
51 2
52 3
53 5
54 5
55 2
56 5
57 6
58 2
59 2
60 3
61 3
62 2
63 1
64 2
65 1
67 1
68 1
70 1
71 1
73 2
74 1
76 1
79 2
81 2
82 1
85 1
88 1
95 1
96 1
97 1
98 1
99 2
100 2
101 2
104 1
106 1
109 1
117 1
119 1
