-119 1
-108 1
-106 1
-102 1
-101 1
-100 2
-98 1
-92 1
-91 1
-88 1
-87 2
-86 1
-85 1
-84 1
-82 1
-81 1
-80 1
-79 1
-78 1
-77 2
-76 1
-75 1
-74 3
-72 3
-71 2
-70 1
-69 1
-68 3
-67 1
-65 2
-64 4
-63 5
-62 1
-61 1
-60 1
-59 4
-58 2
-57 3
-56 3
-55 4
-54 3
-53 3
-52 3
-51 1
-50 5
-49 5
-48 2
-47 4
-46 4
-45 2
-44 2
-43 10
-42 1
-41 2
-40 6
-39 11
-38 5
-37 12
-36 12
-35 12
-34 15
-33 10
-32 10
-31 17
-30 17
-29 16
-28 16
-27 15
-26 13
-25 23
-24 31
-23 15
-22 27
-21 28
-20 30
-19 32
-18 27
-17 39
-16 51
-15 52
-14 54
-13 53
-12 67
-11 49
-10 72
-9 87
-8 112
-7 108
-6 129
-5 145
-4 201
-3 232
-2 270
-1 486
0 602
1 515
2 287
3 237
4 204
5 153
6 136
7 117
8 99
9 95
10 86
11 69
12 58
13 54
14 62
15 40
16 33
17 47
18 34
19 32
20 36
21 32
22 32
23 18
24 29
25 16
26 18
27 15
28 12
29 19
30 16
31 16
32 13
33 11
34 12
35 8
36 6
37 12
38 8
39 5
40 6
41 6
42 7
43 9
44 5
45 8
46 5
47 5
49 3
50 2
51 5
52 4
53 3
54 3
55 3
56 2
57 1
58 6
59 2
60 5
61 1
62 3
63 2
66 1
67 2
72 1
73 1
76 1
78 2
79 2
80 3
85 1
87 1
88 1
90 1
93 1
94 1
96 2
98 1
99 1
100 1
102 2
104 1
105 1
108 1
109 1
110 1
