0 3
1 2
2 6
3 15
4 15
5 21
6 14
7 9
8 7
9 1
11 1
12 1
14 1
23 1
25 2
26 1
27 1
28 2
29 1
30 7
31 4
32 12
33 17
34 10
35 16
36 31
37 45
38 37
39 41
40 45
41 34
42 45
43 48
44 51
45 49
46 51
47 48
48 51
49 57
50 52
51 47
52 51
53 44
54 37
55 48
56 49
57 40
58 48
59 41
60 40
61 47
62 51
63 47
64 29
65 42
66 30
67 24
68 41
69 33
70 36
71 32
72 30
73 40
74 34
75 42
76 29
77 45
78 42
79 40
80 39
81 48
82 51
83 58
84 48
85 50
86 47
87 42
88 51
89 36
90 35
91 32
92 39
93 30
94 47
95 39
96 34
97 45
98 41
99 55
100 52
101 52
102 38
103 53
104 66
105 69
106 76
107 79
108 74
109 73
110 79
111 66
112 73
113 64
114 83
115 56
116 67
117 78
118 55
119 52
120 50
121 72
122 64
123 60
124 60
125 52
126 53
127 50
128 55
129 38
130 65
131 54
132 49
133 45
134 48
135 43
136 61
137 46
138 53
139 56
140 39
141 29
142 35
143 41
144 29
145 39
146 18
147 24
148 12
149 22
150 20
151 17
152 16
153 12
154 13
155 11
156 5
157 9
158 7
159 8
160 14
161 2
162 10
163 17
164 7
165 4
166 9
167 6
168 6
169 7
170 4
171 10
172 2
173 3
174 3
175 7
176 11
177 8
178 8
179 9
180 7
181 9
182 4
183 3
184 8
185 11
186 8
187 8
188 4
189 10
190 7
191 5
192 10
193 7
194 10
195 10
196 5
197 8
198 7
199 9
200 7
201 6
202 6
203 3
204 6
205 6
206 9
207 6
208 4
209 6
210 7
211 9
212 10
213 4
214 3
215 3
216 4
217 7
218 7
219 3
220 5
221 6
222 6
223 2
224 2
225 1
226 5
227 5
228 3
229 2
231 3
232 4
233 2
234 1
235 4
237 4
238 3
239 2
240 3
241 1
243 1
