0 96
24 1
26 3
27 1
29 3
30 7
31 6
32 20
33 17
34 17
35 26
36 37
37 27
38 32
39 36
40 51
41 47
42 55
43 41
44 55
45 45
46 53
47 65
48 61
49 49
50 41
51 51
52 32
53 52
54 43
55 49
56 54
57 48
58 38
59 45
60 40
61 41
62 42
63 34
64 35
65 28
66 37
67 29
68 27
69 41
70 31
71 28
72 38
73 32
74 34
75 33
76 41
77 37
78 40
79 34
80 44
81 41
82 35
83 46
84 49
85 51
86 35
87 45
88 53
89 56
90 40
91 44
92 40
93 39
94 31
95 34
96 39
97 34
98 64
99 62
100 46
101 54
102 37
103 55
104 75
105 51
106 63
107 63
108 86
109 81
110 72
111 67
112 72
113 58
114 61
115 87
116 68
117 53
118 64
119 58
120 57
121 74
122 63
123 60
124 54
125 54
126 69
127 52
128 47
129 61
130 51
131 50
132 69
133 39
134 41
135 52
136 53
137 36
138 49
139 45
140 45
141 42
142 36
143 39
144 49
145 25
146 26
147 24
148 18
149 16
150 12
151 19
152 14
153 19
154 11
155 8
156 8
157 10
158 10
159 6
160 9
161 15
162 9
163 4
164 12
165 5
166 7
167 4
168 9
169 3
170 3
171 6
172 5
173 10
174 5
175 5
176 8
177 10
178 5
179 5
180 11
181 5
182 9
183 7
184 6
185 6
186 10
187 5
188 3
189 9
190 10
191 7
192 7
193 10
194 4
195 6
196 12
197 7
198 7
199 11
200 4
201 4
202 7
203 4
204 8
205 5
206 5
207 9
208 7
209 7
210 6
211 7
212 5
213 5
214 3
215 9
216 4
217 7
218 9
219 1
220 4
221 7
222 5
223 2
224 4
225 3
226 2
227 1
228 2
229 3
230 2
231 1
232 1
233 5
234 2
235 2
236 3
237 3
238 5
239 3
240 2
242 1
243 1
244 1
