2 1
4 1
5 3
6 2
7 7
8 7
9 11
10 25
11 7
12 11
13 5
14 6
15 4
16 4
17 1
21 1
24 3
25 1
26 1
28 4
29 5
30 3
31 2
32 7
33 10
34 16
35 22
36 22
37 44
38 31
39 34
40 43
41 30
42 40
43 50
44 51
45 47
46 51
47 53
48 63
49 49
50 55
51 49
52 44
53 48
54 41
55 35
56 42
57 44
58 56
59 43
60 34
61 44
62 47
63 36
64 31
65 50
66 43
67 29
68 33
69 33
70 27
71 31
72 48
73 32
74 48
75 41
76 41
77 46
78 40
79 39
80 41
81 49
82 27
83 50
84 43
85 55
86 67
87 42
88 38
89 49
90 47
91 41
92 52
93 31
94 45
95 45
96 36
97 43
98 41
99 59
100 40
101 42
102 48
103 53
104 73
105 56
106 80
107 77
108 73
109 79
110 77
111 76
112 60
113 80
114 75
115 59
116 73
117 82
118 48
119 52
120 55
121 53
122 69
123 53
124 61
125 46
126 55
127 65
128 41
129 57
130 56
131 51
132 50
133 52
134 34
135 47
136 42
137 56
138 49
139 51
140 37
141 46
142 33
143 40
144 27
145 31
146 20
147 27
148 18
149 15
150 18
151 18
152 13
153 10
154 10
155 15
156 5
157 15
158 15
159 6
160 11
161 10
162 3
163 9
164 5
165 11
166 6
167 6
168 2
169 10
170 1
171 5
172 9
173 7
174 6
176 4
177 8
178 12
179 11
180 11
181 6
182 7
183 8
184 9
185 9
186 4
187 7
188 7
189 8
190 8
191 6
192 7
193 5
194 3
195 8
196 6
197 9
198 11
199 8
200 10
201 5
202 4
203 8
204 6
205 5
206 7
207 6
208 6
209 8
210 7
211 6
212 7
213 6
214 8
215 5
216 3
217 10
218 3
219 4
220 5
221 6
222 6
223 3
224 3
225 6
226 3
227 2
228 2
229 1
230 1
231 2
232 2
233 4
234 3
235 1
236 3
237 3
238 1
239 3
240 2
244 1
