2 1
5 3
6 3
7 4
8 7
9 12
10 17
11 17
12 10
13 10
14 7
15 3
17 1
18 1
21 1
22 1
25 1
26 1
28 1
29 5
30 2
31 9
32 11
33 10
34 20
35 22
36 19
37 33
38 28
39 32
40 47
41 36
42 43
43 40
44 52
45 44
46 63
47 60
48 48
49 50
50 46
51 54
52 51
53 51
54 45
55 45
56 39
57 37
58 55
59 52
60 42
61 38
62 40
63 39
64 35
65 43
66 38
67 33
68 28
69 30
70 37
71 34
72 30
73 32
74 45
75 36
76 50
77 50
78 52
79 37
80 52
81 32
82 43
83 35
84 51
85 48
86 51
87 52
88 44
89 40
90 48
91 44
92 35
93 34
94 36
95 39
96 42
97 46
98 47
99 54
100 47
101 47
102 52
103 53
104 64
105 58
106 83
107 68
108 79
109 77
110 81
111 67
112 68
113 73
114 85
115 61
116 65
117 82
118 55
119 44
120 57
121 60
122 67
123 47
124 70
125 55
126 50
127 57
128 45
129 52
130 57
131 55
132 48
133 52
134 37
135 49
136 39
137 62
138 47
139 49
140 48
141 27
142 39
143 38
144 29
145 35
146 22
147 22
148 21
149 13
150 20
151 14
152 15
153 11
154 14
155 9
156 10
157 9
158 8
159 10
160 8
161 13
162 6
163 11
164 8
165 6
166 7
167 7
168 6
169 3
170 5
171 6
172 5
173 6
174 5
175 4
176 9
177 10
178 8
179 7
180 8
181 8
182 5
183 8
184 8
185 8
186 10
187 7
188 7
189 7
190 4
191 8
192 5
193 10
194 2
195 5
196 9
197 5
198 11
199 7
200 8
201 10
202 10
203 6
204 7
205 2
206 7
207 8
208 3
209 12
210 6
211 5
212 8
213 5
214 2
215 4
216 6
217 5
218 9
219 8
220 3
221 4
222 1
223 2
224 8
225 6
226 3
227 3
228 4
229 3
230 1
231 1
232 4
234 3
235 3
236 3
237 2
238 1
239 2
240 3
242 1
