0 2
1 1
2 2
3 4
4 7
5 14
6 5
7 12
8 15
9 13
10 5
11 6
12 5
14 2
15 3
24 2
25 1
27 1
28 2
29 4
30 5
31 10
32 4
33 13
34 16
35 22
36 27
37 31
38 36
39 41
40 30
41 47
42 45
43 38
44 51
45 47
46 57
47 56
48 57
49 55
50 43
51 42
52 49
53 49
54 41
55 45
56 48
57 48
58 47
59 54
60 35
61 39
62 50
63 25
64 28
65 41
66 35
67 31
68 32
69 47
70 38
71 43
72 30
73 38
74 26
75 50
76 46
77 36
78 48
79 42
80 46
81 46
82 36
83 33
84 51
85 52
86 54
87 36
88 47
89 52
90 49
91 38
92 32
93 40
94 30
95 46
96 32
97 50
98 50
99 50
100 43
101 53
102 57
103 47
104 67
105 73
106 64
107 61
108 81
109 78
110 88
111 79
112 60
113 71
114 72
115 69
116 71
117 76
118 60
119 39
120 58
121 61
122 59
123 60
124 60
125 58
126 55
127 54
128 43
129 57
130 51
131 52
132 54
133 40
134 52
135 50
136 54
137 46
138 45
139 52
140 40
141 37
142 36
143 37
144 33
145 32
146 21
147 16
148 27
149 15
150 18
151 16
152 17
153 12
154 12
155 9
156 8
157 14
158 6
159 7
160 8
161 11
162 8
163 9
164 5
165 10
166 8
167 7
168 4
169 5
170 3
171 7
172 8
173 7
174 2
175 2
176 6
177 9
178 11
179 7
180 8
181 9
182 7
183 6
184 8
185 7
186 11
187 9
188 6
189 7
190 6
191 8
192 6
193 6
194 7
195 4
196 6
197 9
198 7
199 8
200 6
201 9
202 7
203 8
204 3
205 4
206 3
207 8
208 7
209 7
210 8
211 7
212 5
213 6
214 6
215 6
216 6
217 9
218 7
219 7
220 4
221 3
222 3
223 3
224 3
225 5
226 6
227 2
228 4
229 2
230 1
231 3
232 4
234 3
235 1
236 3
237 3
238 2
239 2
240 2
243 1
