0 3
1 5
2 4
3 8
4 16
5 17
6 15
7 12
8 4
9 6
10 1
11 3
12 1
13 1
26 2
27 3
28 2
29 1
30 3
31 7
32 9
33 11
34 17
35 36
36 33
37 25
38 31
39 45
40 37
41 43
42 46
43 41
44 56
45 44
46 54
47 59
48 40
49 46
50 50
51 47
52 46
53 44
54 50
55 46
56 53
57 47
58 54
59 29
60 40
61 53
62 41
63 46
64 22
65 42
66 33
67 33
68 34
69 42
70 30
71 33
72 30
73 46
74 32
75 30
76 37
77 43
78 52
79 40
80 55
81 37
82 51
83 35
84 48
85 73
86 51
87 47
88 47
89 31
90 41
91 37
92 36
93 36
94 32
95 32
96 35
97 44
98 49
99 62
100 46
101 58
102 40
103 43
104 71
105 67
106 70
107 70
108 78
109 74
110 89
111 65
112 65
113 80
114 69
115 60
116 64
117 69
118 61
119 52
120 56
121 63
122 68
123 61
124 54
125 64
126 49
127 55
128 51
129 56
130 61
131 44
132 39
133 54
134 49
135 48
136 51
137 59
138 45
139 45
140 38
141 27
142 47
143 38
144 32
145 39
146 20
147 16
148 19
149 23
150 18
151 18
152 14
153 13
154 9
155 8
156 6
157 7
158 15
159 9
160 8
161 15
162 7
163 12
164 6
165 4
166 5
167 9
168 3
169 5
170 7
171 3
172 4
173 8
174 5
175 5
176 8
177 6
178 8
179 13
180 5
181 9
182 12
183 6
184 8
185 5
186 9
187 5
188 7
189 11
190 7
191 7
192 5
193 6
194 9
195 5
196 5
197 9
198 12
199 9
200 6
201 2
202 8
203 7
204 5
205 3
206 3
207 8
208 9
209 4
210 4
211 12
212 11
213 8
214 6
215 6
216 1
217 7
218 3
219 3
220 2
221 7
222 6
223 1
224 5
225 4
226 7
227 4
228 1
229 2
230 2
232 2
233 3
234 3
235 1
236 3
237 2
238 4
239 3
240 2
241 1
246 1
