0 14
1 20
2 18
3 20
4 13
5 7
6 1
7 3
23 1
25 1
27 2
28 2
29 1
30 6
31 6
32 19
33 16
34 20
35 23
36 28
37 40
38 35
39 43
40 30
41 47
42 46
43 42
44 57
45 55
46 45
47 56
48 47
49 50
50 52
51 42
52 55
53 57
54 49
55 37
56 41
57 53
58 38
59 54
60 35
61 39
62 34
63 35
64 46
65 37
66 38
67 37
68 31
69 28
70 34
71 31
72 28
73 37
74 27
75 33
76 37
77 35
78 45
79 45
80 45
81 47
82 45
83 44
84 61
85 47
86 49
87 45
88 36
89 43
90 35
91 49
92 41
93 41
94 31
95 36
96 41
97 36
98 65
99 49
100 46
101 53
102 53
103 47
104 63
105 54
106 71
107 69
108 73
109 75
110 73
111 83
112 65
113 68
114 72
115 62
116 78
117 63
118 68
119 52
120 53
121 59
122 92
123 52
124 52
125 53
126 51
127 65
128 51
129 52
130 61
131 48
132 36
133 48
134 38
135 50
136 60
137 50
138 52
139 37
140 52
141 33
142 46
143 35
144 39
145 30
146 18
147 22
148 17
149 23
150 13
151 16
152 18
153 13
154 16
155 8
156 8
157 6
158 10
159 10
160 9
161 11
162 12
163 5
164 8
165 8
166 8
167 3
168 9
169 2
170 6
171 4
172 6
173 8
174 4
175 9
176 5
177 7
178 8
179 8
180 6
181 10
182 5
183 4
184 6
185 8
186 7
187 9
188 10
189 9
190 6
191 11
192 4
193 10
194 8
195 8
196 9
197 8
198 6
199 5
200 5
201 6
202 8
203 6
204 4
205 4
206 8
207 11
208 5
209 6
210 4
211 5
212 7
213 7
214 4
215 8
216 5
217 7
218 4
219 5
220 3
221 6
222 3
223 3
224 6
226 3
227 5
228 5
229 2
230 1
231 4
232 1
233 2
234 2
235 2
236 3
237 5
238 4
239 1
240 2
241 2
