0 1
4 1
6 4
7 4
8 4
9 8
10 14
11 19
12 17
13 6
14 6
15 6
16 2
17 3
19 1
20 1
23 1
27 3
28 3
30 2
31 4
32 4
33 13
34 15
35 28
36 26
37 41
38 27
39 29
40 29
41 44
42 47
43 39
44 39
45 46
46 61
47 56
48 60
49 56
50 59
51 40
52 37
53 49
54 59
55 41
56 39
57 37
58 49
59 36
60 37
61 51
62 59
63 35
64 32
65 39
66 45
67 30
68 35
69 38
70 21
71 36
72 38
73 51
74 39
75 39
76 34
77 38
78 38
79 48
80 54
81 56
82 46
83 39
84 46
85 50
86 41
87 64
88 41
89 44
90 36
91 30
92 45
93 46
94 47
95 52
96 34
97 36
98 32
99 51
100 54
101 42
102 44
103 56
104 74
105 71
106 65
107 78
108 77
109 75
110 75
111 74
112 65
113 85
114 69
115 62
116 78
117 78
118 52
119 48
120 55
121 57
122 66
123 59
124 54
125 49
126 64
127 50
128 46
129 59
130 50
131 48
132 52
133 51
134 37
135 53
136 42
137 56
138 52
139 49
140 37
141 35
142 36
143 35
144 29
145 31
146 26
147 27
148 21
149 11
150 14
151 20
152 12
153 12
154 15
155 12
156 6
157 14
158 13
159 8
160 8
161 9
162 8
163 7
164 8
165 6
166 7
167 5
168 5
169 8
170 7
171 6
172 3
173 5
174 6
175 5
176 8
177 5
178 7
179 12
180 11
181 7
182 12
183 8
184 6
185 11
186 6
187 4
188 6
189 9
190 7
191 4
192 8
193 4
194 7
195 6
196 9
197 8
198 10
199 7
200 6
201 5
202 7
203 5
204 14
205 2
206 4
207 5
208 10
209 9
210 5
211 8
212 8
213 4
214 4
215 4
216 10
217 7
218 3
219 2
220 8
221 3
222 7
223 3
224 2
225 3
227 7
228 3
229 3
231 2
232 2
233 4
234 1
235 2
236 3
237 2
238 5
239 1
240 2
