0 1
1 2
2 3
3 5
4 5
5 18
6 13
7 12
8 11
9 12
10 6
11 3
12 3
13 1
15 1
20 1
26 2
27 2
28 1
29 1
30 10
31 5
32 10
33 12
34 19
35 29
36 25
37 38
38 27
39 27
40 30
41 51
42 57
43 52
44 44
45 50
46 43
47 52
48 54
49 43
50 52
51 47
52 53
53 45
54 48
55 47
56 35
57 57
58 45
59 48
60 50
61 39
62 37
63 36
64 27
65 38
66 39
67 30
68 38
69 37
70 23
71 41
72 32
73 40
74 30
75 41
76 35
77 41
78 45
79 41
80 49
81 54
82 56
83 48
84 46
85 49
86 51
87 42
88 33
89 50
90 43
91 30
92 37
93 52
94 32
95 37
96 27
97 39
98 47
99 55
100 54
101 53
102 60
103 48
104 60
105 62
106 60
107 82
108 78
109 81
110 75
111 70
112 74
113 71
114 80
115 66
116 67
117 77
118 51
119 43
120 61
121 59
122 66
123 54
124 55
125 58
126 54
127 59
128 45
129 54
130 59
131 59
132 42
133 43
134 55
135 56
136 46
137 46
138 57
139 46
140 40
141 33
142 39
143 37
144 30
145 36
146 19
147 23
148 17
149 17
150 18
151 22
152 16
153 10
154 8
155 10
156 9
157 8
158 10
159 6
160 10
161 10
162 8
163 10
164 3
165 11
166 7
167 6
168 3
169 3
170 8
171 8
172 4
173 9
174 4
175 2
176 12
177 5
178 12
179 7
180 4
181 9
182 7
183 9
184 13
185 9
186 6
187 6
188 3
189 4
190 11
191 10
192 7
193 7
194 6
195 9
196 5
197 4
198 8
199 9
200 7
201 7
202 8
203 5
204 5
205 6
206 5
207 9
208 8
209 3
210 6
211 12
212 6
213 7
214 5
215 7
216 4
217 4
218 3
219 6
220 6
221 3
222 3
223 2
224 4
225 4
226 6
227 1
228 5
229 2
230 2
231 1
232 4
233 2
234 2
235 2
236 3
237 3
238 1
239 2
240 3
241 1
242 1
245 1
