0 32
1 31
2 19
3 9
4 5
26 2
27 2
28 3
29 3
30 4
31 13
32 14
33 10
34 16
35 25
36 34
37 39
38 36
39 41
40 41
41 34
42 47
43 55
44 51
45 48
46 49
47 52
48 69
49 53
50 43
51 55
52 42
53 51
54 39
55 51
56 50
57 53
58 41
59 40
60 27
61 30
62 50
63 39
64 32
65 49
66 32
67 42
68 25
69 34
70 36
71 25
72 29
73 29
74 33
75 39
76 39
77 41
78 38
79 48
80 36
81 39
82 44
83 61
84 36
85 44
86 46
87 39
88 46
89 40
90 45
91 43
92 52
93 34
94 31
95 37
96 33
97 33
98 68
99 65
100 44
101 44
102 55
103 58
104 59
105 64
106 63
107 51
108 90
109 79
110 77
111 56
112 76
113 70
114 71
115 61
116 85
117 61
118 66
119 50
120 51
121 68
122 71
123 67
124 58
125 48
126 55
127 52
128 55
129 56
130 54
131 50
132 50
133 38
134 47
135 60
136 62
137 41
138 37
139 46
140 37
141 52
142 35
143 40
144 37
145 36
146 26
147 16
148 20
149 15
150 19
151 14
152 16
153 18
154 11
155 11
156 9
157 9
158 9
159 7
160 11
161 12
162 10
163 2
164 7
165 4
166 11
167 4
168 8
169 4
170 5
171 7
172 5
173 6
174 6
175 10
176 4
177 7
178 10
179 11
180 6
181 5
182 5
183 7
184 8
185 5
186 7
187 5
188 7
189 9
190 7
191 11
192 7
193 8
194 7
195 7
196 11
197 6
198 7
199 10
200 6
201 4
202 4
203 3
204 7
205 6
206 9
207 6
208 8
209 4
210 7
211 8
212 7
213 6
214 5
215 7
216 7
217 3
218 5
219 3
220 6
221 7
222 3
223 5
224 2
225 2
226 2
227 4
228 2
229 3
230 1
231 1
232 1
233 2
234 2
235 4
236 3
237 4
238 5
239 1
240 4
242 1
246 1
