0 6
1 13
2 14
3 22
4 18
5 12
6 6
7 4
12 1
24 1
26 1
27 2
28 1
29 3
30 1
31 4
32 16
33 14
34 17
35 31
36 43
37 38
38 22
39 42
40 36
41 38
42 47
43 52
44 48
45 67
46 47
47 48
48 49
49 46
50 49
51 47
52 46
53 60
54 46
55 50
56 50
57 43
58 44
59 37
60 46
61 42
62 37
63 30
64 29
65 41
66 38
67 36
68 23
69 41
70 28
71 36
72 37
73 31
74 39
75 41
76 47
77 31
78 38
79 47
80 38
81 40
82 49
83 54
84 41
85 50
86 44
87 49
88 45
89 53
90 43
91 31
92 33
93 45
94 30
95 48
96 41
97 42
98 39
99 42
100 46
101 61
102 51
103 53
104 60
105 53
106 57
107 86
108 72
109 82
110 78
111 67
112 67
113 80
114 67
115 74
116 73
117 74
118 60
119 49
120 57
121 62
122 81
123 49
124 45
125 61
126 56
127 51
128 58
129 45
130 55
131 51
132 50
133 42
134 50
135 46
136 57
137 50
138 44
139 51
140 40
141 36
142 42
143 34
144 42
145 33
146 20
147 15
148 25
149 19
150 14
151 11
152 16
153 14
154 12
155 12
156 10
157 9
158 10
159 12
160 10
161 10
162 6
163 9
164 5
165 7
166 13
167 2
168 3
169 11
170 2
171 3
172 7
173 7
174 4
175 10
176 5
177 7
178 10
179 5
180 13
181 8
182 4
183 6
184 6
185 7
186 7
187 8
188 5
189 5
190 8
191 12
192 7
193 9
194 7
195 7
196 8
197 7
198 7
199 8
200 9
201 5
202 8
203 6
204 4
205 8
206 5
207 2
208 5
209 5
210 5
211 3
212 10
213 9
214 8
215 6
216 5
217 10
218 7
219 3
220 7
221 6
222 2
223 1
224 2
225 3
227 7
228 1
229 2
230 2
231 1
232 2
233 2
234 2
235 7
236 2
237 5
238 2
239 2
240 1
241 3
