0 616
1 457
2 336
3 228
4 173
5 151
6 126
7 131
8 100
9 107
10 77
11 58
12 70
13 55
14 65
15 56
16 46
17 36
18 44
19 27
20 29
21 27
22 33
23 29
24 22
25 15
26 30
27 16
28 22
29 21
30 10
31 15
32 10
33 14
34 7
35 9
36 14
37 9
38 7
39 8
40 8
41 5
42 7
43 7
44 4
45 7
46 9
47 6
48 2
49 5
50 7
51 3
52 5
53 6
54 3
55 4
56 3
57 2
58 2
59 4
60 0
61 2
62 0
63 2
64 4
65 1
66 4
67 1
68 3
69 0
70 2
71 4
72 0
73 1
74 1
75 0
76 0
77 0
78 0
79 3
80 0
81 0
82 0
83 0
84 1
85 2
86 1
87 0
88 0
89 0
90 1
91 0
92 1
93 0
94 1
95 1
96 1
97 0
98 1
99 0
100 2
101 1
102 1
103 1
104 1
105 1
106 0
107 1
108 1
109 0
110 0
111 0
112 0
113 0
114 1
115 0
116 0
117 0
118 0
119 0
120 0
121 0
122 0
123 0
124 0
125 0
126 0
127 0
128 0
129 0
130 0
131 0
132 0
133 0
134 0
135 0
136 0
137 0
138 0
139 0
140 0
141 0
142 0
143 0
144 0
145 0
146 0
147 0
148 0
149 0
150 0
151 0
152 0
153 0
154 0
155 0
156 0
157 0
158 0
159 0
160 0
161 0
162 0
163 0
164 0
165 0
166 0
167 0
168 0
169 0
170 0
171 0
172 0
173 0
174 0
175 0
176 0
177 0
178 0
179 0
180 0
181 0
182 0
183 0
184 0
185 0
186 0
187 0
188 0
189 0
190 0
191 0
192 0
193 0
194 0
195 0
196 0
197 0
198 0
199 0
200 0
201 0
202 0
203 0
204 0
205 0
206 0
207 0
208 0
209 0
210 0
211 0
212 0
213 0
214 0
215 0
216 0
217 0
218 0
219 0
220 0
221 0
222 0
223 0
224 0
225 0
226 0
227 0
228 0
229 0
230 0
231 0
232 0
233 0
234 0
235 0
236 0
237 0
238 0
239 0
240 0
241 0
242 0
243 0
244 0
245 0
246 0
247 0
248 0
249 0
250 0
251 0
252 0
253 0
254 0
255 0
