0 698
1 484
2 322
3 239
4 188
5 165
6 125
7 113
8 96
9 102
10 92
11 60
12 61
13 57
14 52
15 51
16 43
17 35
18 33
19 37
20 29
21 24
22 33
23 20
24 21
25 17
26 17
27 25
28 17
29 14
30 15
31 9
32 12
33 12
34 12
35 5
36 10
37 3
38 6
39 6
40 9
41 3
42 9
43 5
44 8
45 4
46 1
47 4
48 3
49 5
50 4
51 4
52 4
53 4
54 5
55 1
56 3
57 3
58 5
59 4
60 0
61 2
62 2
63 3
64 1
65 0
66 0
67 1
68 2
69 0
70 0
71 0
72 2
73 0
74 1
75 0
76 2
77 0
78 1
79 1
80 0
81 0
82 0
83 0
84 0
85 1
86 2
87 1
88 1
89 2
90 0
91 0
92 0
93 0
94 1
95 0
96 0
97 1
98 1
99 0
100 1
101 0
102 0
103 1
104 1
105 1
106 0
107 0
108 1
109 0
110 0
111 0
112 0
113 1
114 0
115 0
116 0
117 0
118 0
119 0
120 0
121 0
122 0
123 0
124 0
125 0
126 0
127 2
128 0
129 0
130 0
131 0
132 0
133 0
134 0
135 0
136 0
137 0
138 0
139 0
140 0
141 0
142 0
143 0
144 0
145 0
146 0
147 0
148 0
149 0
150 0
151 0
152 0
153 0
154 0
155 0
156 0
157 0
158 0
159 0
160 0
161 0
162 0
163 0
164 0
165 0
166 0
167 0
168 0
169 0
170 0
171 0
172 0
173 0
174 0
175 0
176 0
177 0
178 0
179 0
180 0
181 0
182 0
183 0
184 0
185 0
186 0
187 0
188 0
189 0
190 0
191 0
192 0
193 0
194 0
195 0
196 0
197 0
198 0
199 0
200 0
201 0
202 0
203 0
204 0
205 0
206 0
207 0
208 0
209 0
210 0
211 0
212 0
213 0
214 0
215 0
216 0
217 0
218 0
219 0
220 0
221 0
222 0
223 0
224 0
225 0
226 0
227 0
228 0
229 0
230 0
231 0
232 0
233 0
234 0
235 0
236 0
237 0
238 0
239 0
240 0
241 0
242 0
243 0
244 0
245 0
246 0
247 0
248 0
249 0
250 0
251 0
252 0
253 0
254 0
255 0
