-110 1
-109 2
-101 2
-99 1
-98 1
-97 1
-93 1
-91 1
-86 1
-84 2
-83 3
-82 1
-81 2
-79 1
-78 2
-77 1
-75 1
-74 2
-73 1
-72 1
-71 2
-70 1
-69 1
-68 2
-67 1
-66 2
-65 4
-64 3
-63 1
-61 3
-60 5
-59 1
-58 3
-57 2
-56 3
-55 5
-54 3
-53 2
-52 2
-51 3
-50 4
-49 3
-48 4
-47 6
-45 3
-44 2
-43 1
-42 6
-41 4
-40 6
-39 6
-38 4
-37 7
-36 10
-35 9
-34 13
-33 13
-32 11
-31 12
-30 17
-29 19
-28 12
-27 24
-26 18
-25 26
-24 20
-23 14
-22 27
-21 24
-20 29
-19 25
-18 37
-17 33
-16 44
-15 50
-14 49
-13 58
-12 59
-11 56
-10 87
-9 91
-8 92
-7 109
-6 111
-5 154
-4 176
-3 236
-2 303
-1 447
0 656
1 478
2 360
3 264
4 195
5 147
6 150
7 124
8 132
9 84
10 63
11 67
12 68
13 61
14 46
15 46
16 41
17 36
18 39
19 33
20 28
21 31
22 23
23 16
24 15
25 18
26 20
27 18
28 22
29 13
30 7
31 11
32 6
33 13
34 7
35 13
36 11
37 6
38 6
39 6
40 2
41 3
42 7
43 1
44 8
45 7
46 1
47 4
48 8
49 2
50 2
51 3
52 6
53 3
54 3
55 5
56 4
57 3
58 5
59 3
60 2
61 2
62 4
65 2
66 2
67 2
68 1
72 1
76 1
80 1
84 1
86 1
87 1
88 1
90 1
92 1
97 1
99 2
100 1
101 1
103 1
104 1
106 1
107 1
113 1
115 1
143 1
