0 618
1 490
2 316
3 218
4 190
5 152
6 126
7 131
8 105
9 106
10 79
11 90
12 63
13 71
14 58
15 49
16 36
17 37
18 35
19 41
20 33
21 28
22 25
23 28
24 21
25 11
26 22
27 19
28 19
29 15
30 11
31 11
32 16
33 9
34 13
35 7
36 9
37 9
38 4
39 7
40 9
41 9
42 6
43 6
44 11
45 3
46 1
47 1
48 3
49 4
50 4
51 5
52 2
53 8
54 7
55 5
56 2
57 3
58 0
59 2
60 3
61 1
62 1
63 4
64 1
65 2
66 0
67 0
68 2
69 0
70 2
71 0
72 1
73 2
74 0
75 2
76 0
77 0
78 0
79 0
80 2
81 0
82 1
83 2
84 0
85 0
86 0
87 0
88 0
89 0
90 0
91 1
92 0
93 0
94 0
95 0
96 2
97 1
98 1
99 1
100 2
101 1
102 2
103 0
104 1
105 0
106 1
107 0
108 1
109 0
110 0
111 0
112 0
113 0
114 0
115 1
116 0
117 0
118 0
119 1
120 0
121 0
122 0
123 0
124 0
125 0
126 0
127 0
128 0
129 0
130 0
131 0
132 0
133 0
134 0
135 0
136 0
137 0
138 0
139 0
140 0
141 0
142 0
143 0
144 0
145 0
146 0
147 0
148 0
149 0
150 0
151 0
152 0
153 0
154 0
155 0
156 0
157 0
158 0
159 0
160 0
161 0
162 0
163 0
164 0
165 0
166 0
167 0
168 0
169 0
170 0
171 0
172 0
173 0
174 0
175 0
176 0
177 0
178 0
179 0
180 0
181 0
182 0
183 0
184 0
185 0
186 0
187 0
188 0
189 0
190 0
191 0
192 0
193 0
194 0
195 0
196 0
197 0
198 0
199 0
200 0
201 0
202 0
203 0
204 0
205 0
206 0
207 0
208 0
209 0
210 0
211 0
212 0
213 0
214 0
215 0
216 0
217 0
218 0
219 0
220 0
221 0
222 0
223 0
224 0
225 0
226 0
227 0
228 0
229 0
230 0
231 0
232 0
233 0
234 0
235 0
236 0
237 0
238 0
239 0
240 0
241 0
242 0
243 0
244 0
245 0
246 0
247 0
248 0
249 0
250 0
251 0
252 0
253 0
254 0
255 0
