0 700
1 542
2 330
3 248
4 201
5 163
6 143
7 111
8 108
9 89
10 82
11 72
12 60
13 56
14 50
15 39
16 37
17 36
18 38
19 35
20 31
21 22
22 25
23 21
24 20
25 16
26 15
27 13
28 10
29 12
30 12
31 9
32 4
33 8
34 11
35 10
36 4
37 9
38 8
39 9
40 6
41 5
42 8
43 5
44 5
45 3
46 5
47 4
48 2
49 5
50 4
51 5
52 3
53 1
54 2
55 4
56 0
57 4
58 2
59 2
60 1
61 1
62 1
63 1
64 2
65 2
66 0
67 1
68 1
69 1
70 0
71 1
72 1
73 0
74 1
75 0
76 1
77 1
78 0
79 2
80 2
81 0
82 1
83 1
84 0
85 0
86 1
87 0
88 0
89 1
90 1
91 0
92 1
93 1
94 1
95 1
96 3
97 0
98 0
99 1
100 2
101 0
102 0
103 0
104 0
105 0
106 0
107 0
108 0
109 0
110 0
111 0
112 0
113 0
114 0
115 0
116 0
117 0
118 0
119 0
120 0
121 0
122 0
123 0
124 0
125 0
126 0
127 0
128 0
129 0
130 0
131 0
132 0
133 1
134 0
135 0
136 0
137 0
138 0
139 0
140 0
141 0
142 0
143 0
144 0
145 0
146 0
147 0
148 0
149 0
150 0
151 0
152 0
153 0
154 0
155 0
156 0
157 0
158 0
159 0
160 0
161 0
162 0
163 0
164 0
165 0
166 0
167 0
168 0
169 0
170 0
171 0
172 0
173 0
174 0
175 0
176 0
177 0
178 0
179 0
180 0
181 0
182 0
183 0
184 0
185 0
186 0
187 0
188 0
189 0
190 0
191 0
192 0
193 0
194 0
195 0
196 0
197 0
198 0
199 0
200 0
201 0
202 0
203 0
204 0
205 0
206 0
207 0
208 0
209 0
210 0
211 0
212 0
213 0
214 0
215 0
216 0
217 0
218 0
219 0
220 0
221 0
222 0
223 0
224 0
225 0
226 0
227 0
228 0
229 0
230 0
231 0
232 0
233 0
234 0
235 0
236 0
237 0
238 0
239 0
240 0
241 0
242 0
243 0
244 0
245 0
246 0
247 0
248 0
249 0
250 0
251 0
252 0
253 0
254 0
255 0
