0 566
1 434
2 317
3 225
4 175
5 159
6 141
7 114
8 106
9 113
10 69
11 64
12 56
13 66
14 61
15 44
16 42
17 41
18 47
19 34
20 38
21 24
22 38
23 26
24 22
25 22
26 29
27 18
28 16
29 24
30 13
31 16
32 16
33 15
34 9
35 11
36 11
37 7
38 7
39 8
40 5
41 10
42 5
43 9
44 4
45 6
46 8
47 3
48 11
49 4
50 4
51 3
52 9
53 5
54 3
55 5
56 4
57 2
58 1
59 3
60 0
61 1
62 2
63 4
64 2
65 0
66 3
67 3
68 2
69 3
70 2
71 0
72 2
73 0
74 0
75 1
76 2
77 0
78 1
79 0
80 3
81 0
82 0
83 0
84 1
85 2
86 1
87 0
88 0
89 0
90 0
91 2
92 0
93 0
94 2
95 0
96 0
97 1
98 1
99 0
100 1
101 0
102 0
103 1
104 5
105 1
106 0
107 0
108 0
109 0
110 0
111 0
112 0
113 0
114 0
115 1
116 1
117 0
118 0
119 0
120 0
121 0
122 0
123 0
124 0
125 0
126 0
127 0
128 0
129 0
130 0
131 0
132 0
133 0
134 0
135 0
136 0
137 0
138 0
139 0
140 0
141 0
142 0
143 0
144 0
145 0
146 0
147 0
148 0
149 0
150 0
151 0
152 0
153 0
154 0
155 0
156 0
157 0
158 0
159 0
160 0
161 0
162 0
163 0
164 0
165 0
166 0
167 0
168 0
169 0
170 0
171 0
172 0
173 0
174 0
175 0
176 0
177 0
178 0
179 0
180 0
181 0
182 0
183 0
184 0
185 0
186 0
187 0
188 0
189 0
190 0
191 0
192 0
193 0
194 0
195 0
196 0
197 0
198 0
199 0
200 0
201 0
202 0
203 0
204 0
205 0
206 0
207 0
208 0
209 0
210 0
211 0
212 0
213 0
214 0
215 0
216 0
217 0
218 0
219 0
220 0
221 0
222 0
223 0
224 0
225 0
226 0
227 0
228 0
229 0
230 0
231 0
232 0
233 0
234 0
235 0
236 0
237 0
238 0
239 0
240 0
241 0
242 0
243 0
244 0
245 0
246 0
247 0
248 0
249 0
250 0
251 0
252 0
253 0
254 0
255 0
