-108 1
-107 1
-105 1
-103 2
-100 1
-99 1
-96 1
-94 1
-93 1
-90 1
-81 2
-80 2
-79 1
-78 1
-76 3
-75 2
-74 1
-73 1
-72 2
-70 1
-68 3
-67 2
-66 2
-65 2
-63 1
-62 2
-60 2
-59 1
-58 3
-57 5
-56 6
-55 3
-54 2
-53 2
-52 2
-51 4
-50 5
-49 2
-48 5
-47 2
-46 1
-45 4
-44 4
-43 3
-42 1
-41 9
-40 2
-39 10
-38 2
-37 8
-36 15
-35 12
-34 9
-33 10
-32 10
-31 13
-30 16
-29 12
-28 9
-27 17
-26 11
-25 19
-24 14
-23 17
-22 17
-21 24
-20 37
-19 23
-18 37
-17 32
-16 35
-15 45
-14 37
-13 57
-12 62
-11 67
-10 68
-9 80
-8 108
-7 111
-6 127
-5 172
-4 195
-3 218
-2 304
-1 443
0 687
1 557
2 341
3 236
4 235
5 170
6 123
7 125
8 102
9 93
10 76
11 69
12 76
13 42
14 40
15 49
16 36
17 40
18 30
19 32
20 29
21 30
22 27
23 20
24 11
25 21
26 15
27 11
28 15
29 12
30 12
31 8
32 9
33 10
34 11
35 4
36 6
37 5
38 8
39 8
40 3
41 6
42 3
43 7
44 4
45 5
46 3
47 2
48 1
49 7
50 7
51 3
52 2
53 3
54 1
55 1
56 4
57 1
58 1
60 3
61 1
62 1
63 1
64 3
66 3
67 1
68 1
70 2
71 1
72 1
80 2
81 3
82 1
83 1
84 1
86 1
87 2
88 2
89 1
99 1
102 1
103 1
104 1
107 1
108 1
114 1
