-110 1
-107 1
-102 1
-100 2
-99 1
-97 1
-96 1
-89 1
-88 1
-87 3
-85 1
-83 1
-82 1
-81 2
-79 2
-77 1
-76 2
-73 1
-72 2
-71 2
-70 1
-69 1
-68 1
-67 1
-65 2
-64 2
-63 1
-62 3
-61 5
-60 1
-58 5
-57 4
-56 4
-55 5
-54 5
-53 5
-52 2
-51 2
-50 2
-49 3
-48 4
-47 7
-46 2
-45 1
-44 5
-43 4
-42 2
-41 8
-40 5
-39 11
-38 8
-37 13
-36 7
-35 8
-34 8
-33 9
-32 7
-31 16
-30 12
-29 7
-28 18
-27 23
-26 13
-25 22
-24 22
-23 22
-22 24
-21 20
-20 22
-19 23
-18 30
-17 40
-16 43
-15 45
-14 42
-13 54
-12 62
-11 54
-10 89
-9 83
-8 103
-7 124
-6 137
-5 148
-4 168
-3 230
-2 337
-1 436
0 653
1 528
2 334
3 244
4 202
5 168
6 139
7 113
8 101
9 84
10 76
11 83
12 54
13 59
14 55
15 38
16 47
17 38
18 31
19 32
20 20
21 24
22 28
23 20
24 22
25 24
26 16
27 23
28 10
29 13
30 12
31 9
32 8
33 14
34 15
35 7
36 3
37 7
38 7
39 3
40 3
41 8
42 9
43 2
44 6
45 5
46 3
47 4
48 4
49 3
50 3
51 5
52 8
53 2
54 1
55 2
56 7
57 6
58 1
59 4
60 1
62 2
63 2
64 1
65 1
67 1
69 2
70 1
72 2
76 1
80 1
81 2
85 2
86 1
87 1
89 1
91 1
95 1
102 2
104 2
106 1
107 1
108 1
111 1
119 1
