-127 1
-110 1
-109 1
-108 1
-104 1
-101 1
-100 1
-98 1
-96 1
-93 1
-91 1
-89 1
-86 1
-84 4
-83 2
-82 1
-81 1
-79 1
-78 2
-76 1
-75 2
-74 2
-73 3
-71 1
-70 3
-69 1
-68 1
-67 1
-66 3
-65 2
-64 4
-63 1
-62 3
-61 2
-59 3
-58 5
-57 2
-56 3
-55 3
-54 1
-53 3
-52 4
-51 6
-50 2
-49 6
-48 2
-47 8
-46 5
-45 3
-44 9
-43 3
-42 6
-41 8
-40 3
-39 8
-38 5
-37 11
-36 11
-35 11
-34 10
-33 14
-32 16
-31 8
-30 20
-29 20
-28 12
-27 28
-26 13
-25 27
-24 15
-23 18
-22 29
-21 26
-20 28
-19 48
-18 43
-17 42
-16 37
-15 52
-14 49
-13 52
-12 63
-11 80
-10 89
-9 86
-8 95
-7 115
-6 116
-5 159
-4 169
-3 200
-2 291
-1 457
0 597
1 501
2 310
3 220
4 177
5 158
6 124
7 127
8 100
9 88
10 70
11 82
12 82
13 53
14 63
15 53
16 39
17 45
18 34
19 32
20 27
21 18
22 32
23 34
24 27
25 26
26 22
27 15
28 20
29 15
30 11
31 16
32 12
33 14
34 4
35 16
36 13
37 6
38 7
39 9
40 4
41 13
42 5
43 3
44 3
45 6
46 5
47 5
48 4
49 5
50 6
51 2
52 5
53 5
54 2
55 3
56 1
57 3
58 4
59 4
60 2
62 3
64 2
65 3
66 1
67 4
69 1
71 1
72 1
73 1
74 1
75 1
76 2
77 1
80 1
82 3
86 1
88 1
90 1
94 1
96 1
97 2
99 1
101 2
104 1
105 1
106 1
108 1
110 1
111 2
