-109 2
-108 1
-105 1
-103 1
-97 1
-92 1
-86 2
-84 1
-83 1
-82 2
-81 1
-80 5
-79 1
-78 1
-77 1
-75 1
-74 1
-73 1
-72 1
-71 1
-68 5
-67 2
-66 2
-65 1
-64 1
-63 2
-61 1
-60 3
-59 5
-58 1
-57 4
-56 3
-55 2
-54 5
-53 2
-52 3
-51 2
-50 3
-49 2
-48 2
-47 2
-46 2
-45 4
-44 7
-43 5
-42 7
-41 12
-40 8
-39 4
-38 7
-37 10
-36 9
-35 4
-34 6
-33 10
-32 19
-31 10
-30 1
-29 14
-28 20
-27 15
-26 13
-25 25
-24 18
-23 19
-22 16
-21 24
-20 21
-19 30
-18 29
-17 32
-16 34
-15 52
-14 48
-13 52
-12 57
-11 75
-10 83
-9 90
-8 109
-7 124
-6 126
-5 138
-4 189
-3 234
-2 331
-1 430
0 689
1 518
2 345
3 244
4 202
5 157
6 153
7 117
8 91
9 86
10 75
11 62
12 78
13 62
14 46
15 41
16 44
17 35
18 28
19 26
20 25
21 19
22 22
23 25
24 19
25 22
26 15
27 12
28 15
29 14
30 11
31 10
32 10
33 13
34 7
35 13
36 7
37 6
38 6
39 3
40 10
41 5
42 4
43 4
44 2
45 5
46 3
47 6
48 3
49 6
50 3
51 2
52 5
53 7
54 1
55 6
56 2
57 2
58 4
59 2
60 3
61 1
62 1
63 1
64 1
66 1
67 4
68 1
72 2
76 1
77 1
80 1
81 2
82 1
83 2
85 1
86 1
88 1
89 1
92 1
93 1
95 1
96 1
101 2
105 1
116 1
117 1
