0 620
1 500
2 292
3 229
4 214
5 157
6 126
7 111
8 116
9 86
10 91
11 71
12 61
13 57
14 48
15 45
16 36
17 36
18 43
19 40
20 27
21 35
22 28
23 19
24 25
25 22
26 19
27 13
28 11
29 21
30 15
31 12
32 16
33 12
34 9
35 9
36 11
37 5
38 6
39 7
40 10
41 5
42 7
43 6
44 6
45 6
46 8
47 6
48 2
49 3
50 4
51 1
52 3
53 3
54 1
55 4
56 2
57 4
58 4
59 3
60 3
61 2
62 1
63 3
64 1
65 1
66 0
67 1
68 1
69 0
70 1
71 0
72 0
73 1
74 0
75 0
76 1
77 2
78 1
79 0
80 3
81 0
82 0
83 1
84 0
85 1
86 0
87 1
88 1
89 1
90 0
91 0
92 0
93 1
94 2
95 1
96 1
97 0
98 1
99 0
100 1
101 2
102 0
103 1
104 0
105 1
106 1
107 0
108 0
109 1
110 1
111 0
112 0
113 0
114 0
115 0
116 0
117 0
118 0
119 0
120 0
121 0
122 0
123 0
124 0
125 0
126 0
127 0
128 0
129 0
130 0
131 0
132 0
133 0
134 0
135 0
136 0
137 0
138 0
139 0
140 0
141 0
142 0
143 0
144 0
145 0
146 0
147 0
148 0
149 0
150 0
151 0
152 0
153 0
154 0
155 0
156 0
157 0
158 0
159 0
160 0
161 0
162 0
163 0
164 0
165 0
166 0
167 0
168 0
169 0
170 0
171 0
172 0
173 0
174 0
175 0
176 0
177 0
178 0
179 0
180 0
181 0
182 0
183 0
184 0
185 0
186 0
187 0
188 0
189 0
190 0
191 0
192 0
193 0
194 0
195 0
196 0
197 0
198 0
199 0
200 0
201 0
202 0
203 0
204 0
205 0
206 0
207 0
208 0
209 0
210 0
211 0
212 0
213 0
214 0
215 0
216 0
217 0
218 0
219 0
220 0
221 0
222 0
223 0
224 0
225 0
226 0
227 0
228 0
229 0
230 0
231 0
232 0
233 0
234 0
235 0
236 0
237 0
238 0
239 0
240 0
241 0
242 0
243 0
244 0
245 0
246 0
247 0
248 0
249 0
250 0
251 0
252 0
253 0
254 0
255 0
