0 2
1 5
2 4
3 13
4 16
5 20
6 16
7 10
8 6
9 2
11 1
14 1
25 4
28 4
29 2
30 4
31 10
32 13
33 11
34 10
35 19
36 34
37 44
38 38
39 41
40 37
41 48
42 43
43 45
44 54
45 46
46 50
47 57
48 52
49 47
50 64
51 49
52 39
53 50
54 45
55 49
56 47
57 45
58 39
59 43
60 42
61 52
62 44
63 31
64 30
65 42
66 27
67 30
68 32
69 35
70 40
71 36
72 19
73 45
74 33
75 35
76 38
77 37
78 51
79 33
80 50
81 44
82 53
83 60
84 51
85 50
86 45
87 39
88 51
89 42
90 38
91 34
92 33
93 38
94 39
95 37
96 42
97 43
98 36
99 59
100 64
101 45
102 42
103 50
104 62
105 75
106 89
107 56
108 69
109 71
110 80
111 75
112 83
113 80
114 62
115 55
116 68
117 79
118 42
119 62
120 52
121 83
122 48
123 59
124 59
125 66
126 51
127 55
128 32
129 44
130 57
131 52
132 44
133 50
134 45
135 47
136 63
137 48
138 50
139 49
140 41
141 35
142 39
143 34
144 27
145 39
146 26
147 24
148 16
149 15
150 19
151 16
152 10
153 14
154 13
155 10
156 7
157 12
158 5
159 11
160 10
161 4
162 12
163 14
164 5
165 3
166 11
167 7
168 7
169 4
170 2
171 12
172 2
173 6
174 2
175 6
176 14
177 9
178 5
179 10
180 6
181 12
182 4
183 4
184 10
185 5
186 7
187 10
188 4
189 10
190 6
191 9
192 7
193 6
194 7
195 11
196 7
197 3
198 15
199 9
200 5
201 4
202 5
203 6
204 4
205 7
206 7
207 6
208 4
209 4
210 7
211 10
212 6
213 7
214 3
215 5
216 5
217 5
218 9
219 1
220 7
221 8
222 4
223 1
224 1
225 3
226 6
227 4
228 2
229 1
230 1
231 3
232 4
233 1
234 3
235 1
236 1
237 5
238 3
239 3
240 3
241 1
