2 1
4 1
5 2
6 3
7 8
8 4
9 19
10 18
11 9
12 11
13 4
14 9
15 1
16 4
17 1
21 1
24 4
25 1
27 1
28 4
29 4
30 3
31 2
32 8
33 10
34 14
35 29
36 18
37 50
38 34
39 32
40 45
41 35
42 38
43 45
44 45
45 47
46 60
47 64
48 55
49 48
50 55
51 41
52 50
53 54
54 34
55 44
56 41
57 50
58 53
59 33
60 40
61 42
62 43
63 34
64 31
65 42
66 50
67 33
68 29
69 33
70 28
71 36
72 38
73 32
74 45
75 45
76 41
77 53
78 32
79 43
80 41
81 48
82 28
83 51
84 47
85 51
86 67
87 39
88 43
89 48
90 45
91 47
92 39
93 43
94 41
95 41
96 34
97 40
98 47
99 68
100 50
101 40
102 47
103 50
104 64
105 59
106 88
107 86
108 70
109 68
110 77
111 79
112 68
113 81
114 74
115 55
116 74
117 76
118 46
119 53
120 49
121 65
122 60
123 50
124 59
125 61
126 57
127 54
128 44
129 50
130 48
131 50
132 50
133 52
134 30
135 52
136 42
137 57
138 47
139 50
140 41
141 48
142 37
143 29
144 27
145 31
146 27
147 25
148 16
149 15
150 18
151 15
152 12
153 10
154 14
155 12
156 9
157 13
158 13
159 8
160 9
161 9
162 4
163 8
164 7
165 9
166 6
167 6
168 2
169 9
170 3
171 6
172 8
173 7
174 4
175 1
176 8
177 4
178 13
179 9
180 11
181 8
182 7
183 9
184 8
185 11
186 4
187 10
188 5
189 7
190 5
191 7
192 4
193 7
194 4
195 7
196 6
197 10
198 12
199 10
200 10
201 5
202 3
203 9
204 5
205 6
206 8
207 2
208 5
209 8
210 9
211 4
212 7
213 5
214 10
215 2
216 4
217 8
218 4
219 8
220 6
221 6
222 5
223 3
224 2
225 3
226 6
227 2
228 1
230 2
231 2
232 4
233 4
234 2
235 1
236 3
237 3
238 2
239 3
240 1
