0 1
4 2
6 4
7 3
8 3
9 9
10 14
11 19
12 18
13 6
14 7
15 3
16 2
17 3
18 1
19 1
20 1
23 1
26 1
27 3
28 2
30 3
31 4
32 6
33 13
34 19
35 20
36 31
37 37
38 31
39 30
40 34
41 47
42 42
43 38
44 45
45 53
46 52
47 56
48 66
49 54
50 57
51 35
52 50
53 46
54 52
55 41
56 36
57 41
58 57
59 30
60 34
61 52
62 58
63 37
64 32
65 36
66 37
67 41
68 29
69 34
70 29
71 36
72 42
73 45
74 38
75 27
76 40
77 46
78 36
79 50
80 54
81 50
82 45
83 44
84 43
85 44
86 53
87 58
88 41
89 45
90 38
91 38
92 35
93 48
94 40
95 51
96 32
97 41
98 39
99 54
100 53
101 46
102 49
103 65
104 66
105 65
106 75
107 80
108 70
109 64
110 87
111 72
112 84
113 86
114 61
115 58
116 77
117 68
118 46
119 46
120 61
121 61
122 61
123 50
124 59
125 65
126 57
127 49
128 45
129 48
130 48
131 47
132 52
133 53
134 36
135 49
136 44
137 56
138 54
139 43
140 42
141 42
142 33
143 34
144 24
145 32
146 31
147 21
148 23
149 11
150 13
151 19
152 11
153 15
154 16
155 13
156 5
157 14
158 10
159 9
160 9
161 9
162 7
163 5
164 9
165 6
166 11
167 4
168 3
169 8
170 9
171 2
172 3
173 5
174 6
175 6
176 8
177 8
178 6
179 10
180 8
181 12
182 10
183 11
184 6
185 8
186 5
187 7
188 6
189 8
190 5
191 5
192 8
193 4
194 10
195 4
196 11
197 8
198 9
199 9
200 5
201 4
202 6
203 7
204 10
205 2
206 7
207 4
208 9
209 7
210 8
211 7
212 7
213 6
214 3
215 4
216 9
217 8
218 2
219 3
220 8
221 1
222 8
223 4
225 5
226 2
227 7
228 1
229 2
230 1
231 1
232 2
233 3
234 1
235 4
236 3
237 4
238 3
240 2
