0 14
1 18
2 24
3 20
4 10
5 5
6 2
7 2
8 1
9 0
10 0
11 0
12 0
13 0
14 0
15 0
16 0
17 0
18 0
19 0
20 0
21 0
22 0
23 1
24 0
25 0
26 2
27 1
28 1
29 2
30 6
31 13
32 10
33 16
34 29
35 26
36 26
37 35
38 37
39 36
40 38
41 43
42 47
43 50
44 53
45 50
46 67
47 39
48 58
49 47
50 54
51 47
52 56
53 48
54 38
55 42
56 64
57 39
58 49
59 36
60 36
61 44
62 37
63 31
64 40
65 35
66 36
67 40
68 29
69 26
70 33
71 35
72 29
73 32
74 31
75 40
76 33
77 42
78 38
79 41
80 46
81 51
82 50
83 51
84 47
85 50
86 45
87 36
88 45
89 36
90 44
91 49
92 41
93 43
94 34
95 32
96 33
97 52
98 57
99 61
100 42
101 54
102 51
103 57
104 59
105 48
106 78
107 64
108 63
109 68
110 79
111 84
112 79
113 81
114 62
115 61
116 79
117 62
118 54
119 55
120 56
121 78
122 62
123 49
124 55
125 67
126 59
127 60
128 43
129 45
130 51
131 47
132 40
133 42
134 41
135 45
136 65
137 51
138 49
139 44
140 47
141 41
142 49
143 28
144 42
145 27
146 21
147 21
148 20
149 17
150 12
151 16
152 23
153 12
154 16
155 11
156 3
157 7
158 9
159 11
160 10
161 11
162 7
163 10
164 6
165 4
166 6
167 9
168 7
169 4
170 5
171 7
172 2
173 10
174 6
175 7
176 8
177 4
178 6
179 9
180 9
181 7
182 5
183 3
184 7
185 8
186 8
187 9
188 6
189 8
190 8
191 11
192 5
193 10
194 5
195 9
196 9
197 10
198 3
199 9
200 4
201 8
202 10
203 1
204 7
205 5
206 11
207 4
208 8
209 2
210 4
211 9
212 7
213 4
214 5
215 7
216 8
217 4
218 4
219 7
220 6
221 3
222 5
223 1
224 4
225 1
226 5
227 4
228 4
229 0
230 3
231 1
232 0
233 5
234 3
235 2
236 4
237 4
238 5
239 0
240 3
241 0
242 0
243 0
244 0
245 0
246 0
247 0
248 0
249 0
250 0
251 0
252 0
253 0
254 0
255 0
