0 33
1 26
2 26
3 6
4 3
5 2
6 0
7 0
8 0
9 0
10 0
11 0
12 0
13 0
14 0
15 0
16 0
17 0
18 0
19 0
20 0
21 0
22 0
23 0
24 0
25 0
26 2
27 2
28 2
29 4
30 7
31 11
32 12
33 8
34 23
35 27
36 38
37 30
38 34
39 46
40 41
41 36
42 54
43 55
44 45
45 53
46 55
47 59
48 61
49 48
50 45
51 54
52 45
53 56
54 39
55 54
56 51
57 49
58 36
59 30
60 36
61 45
62 29
63 34
64 39
65 36
66 34
67 35
68 37
69 25
70 38
71 32
72 26
73 32
74 38
75 32
76 38
77 45
78 45
79 44
80 39
81 41
82 43
83 46
84 52
85 43
86 35
87 46
88 48
89 39
90 46
91 46
92 42
93 33
94 33
95 42
96 42
97 36
98 63
99 75
100 42
101 43
102 59
103 50
104 58
105 62
106 68
107 79
108 70
109 60
110 75
111 62
112 89
113 75
114 64
115 71
116 59
117 71
118 58
119 47
120 65
121 80
122 61
123 56
124 52
125 77
126 43
127 56
128 40
129 44
130 50
131 49
132 43
133 48
134 49
135 55
136 65
137 49
138 35
139 49
140 40
141 42
142 45
143 33
144 35
145 33
146 29
147 16
148 25
149 8
150 21
151 14
152 13
153 16
154 17
155 11
156 10
157 10
158 4
159 10
160 11
161 10
162 8
163 3
164 6
165 7
166 7
167 6
168 7
169 9
170 2
171 7
172 4
173 10
174 7
175 9
176 1
177 6
178 15
179 8
180 4
181 6
182 4
183 5
184 8
185 5
186 9
187 5
188 9
189 6
190 8
191 8
192 8
193 11
194 7
195 5
196 9
197 10
198 9
199 7
200 5
201 4
202 6
203 6
204 7
205 5
206 7
207 9
208 3
209 6
210 6
211 6
212 11
213 5
214 4
215 5
216 5
217 6
218 4
219 8
220 3
221 10
222 5
223 0
224 0
225 2
226 5
227 3
228 1
229 4
230 1
231 0
232 0
233 4
234 2
235 4
236 5
237 3
238 3
239 2
240 2
241 2
242 0
243 0
244 1
245 0
246 0
247 0
248 0
249 0
250 0
251 0
252 0
253 0
254 0
255 0
