0 1
1 2
2 5
3 1
4 5
5 17
6 15
7 13
8 13
9 12
10 5
11 2
12 0
13 1
14 1
15 2
16 1
17 0
18 0
19 0
20 1
21 0
22 0
23 0
24 0
25 0
26 2
27 2
28 2
29 2
30 8
31 7
32 10
33 12
34 17
35 28
36 31
37 38
38 33
39 25
40 32
41 44
42 55
43 55
44 56
45 45
46 44
47 47
48 61
49 45
50 45
51 55
52 57
53 43
54 44
55 51
56 43
57 49
58 49
59 51
60 39
61 38
62 27
63 35
64 34
65 41
66 31
67 27
68 39
69 35
70 26
71 35
72 36
73 48
74 32
75 36
76 36
77 41
78 45
79 44
80 51
81 48
82 55
83 38
84 49
85 59
86 41
87 45
88 39
89 50
90 36
91 40
92 42
93 42
94 35
95 35
96 30
97 44
98 38
99 60
100 47
101 67
102 55
103 64
104 55
105 61
106 65
107 85
108 68
109 69
110 76
111 75
112 89
113 84
114 54
115 75
116 66
117 67
118 47
119 52
120 59
121 65
122 55
123 50
124 54
125 70
126 59
127 49
128 41
129 48
130 61
131 52
132 46
133 41
134 53
135 56
136 50
137 44
138 54
139 46
140 46
141 30
142 44
143 31
144 29
145 38
146 25
147 13
148 22
149 18
150 20
151 16
152 15
153 11
154 9
155 12
156 8
157 8
158 9
159 6
160 11
161 10
162 7
163 9
164 4
165 10
166 6
167 4
168 5
169 5
170 9
171 7
172 3
173 10
174 3
175 3
176 12
177 8
178 11
179 6
180 6
181 8
182 6
183 9
184 13
185 11
186 4
187 5
188 2
189 6
190 10
191 12
192 4
193 6
194 9
195 7
196 5
197 5
198 10
199 10
200 2
201 7
202 11
203 3
204 4
205 6
206 9
207 6
208 10
209 2
210 6
211 8
212 7
213 9
214 8
215 5
216 5
217 3
218 3
219 3
220 9
221 3
222 2
223 2
224 2
225 5
226 2
227 8
228 3
229 4
230 0
231 1
232 4
233 1
234 2
235 3
236 4
237 2
238 2
239 3
240 2
241 0
242 0
243 0
244 1
245 0
246 0
247 0
248 0
249 0
250 0
251 0
252 0
253 0
254 0
255 0
