0 1
2 4
3 3
4 8
5 12
6 9
7 10
8 15
9 14
10 5
11 7
12 3
14 3
15 2
23 1
24 1
25 1
27 1
28 1
29 4
30 7
31 8
32 6
33 15
34 15
35 30
36 25
37 34
38 36
39 35
40 34
41 43
42 47
43 42
44 44
45 49
46 70
47 56
48 55
49 50
50 46
51 44
52 47
53 54
54 42
55 53
56 44
57 41
58 42
59 48
60 41
61 38
62 45
63 24
64 32
65 39
66 35
67 36
68 39
69 35
70 36
71 42
72 32
73 40
74 34
75 45
76 42
77 42
78 45
79 41
80 50
81 34
82 39
83 43
84 49
85 41
86 60
87 40
88 42
89 58
90 45
91 38
92 33
93 37
94 28
95 49
96 27
97 54
98 51
99 55
100 41
101 58
102 57
103 46
104 58
105 71
106 79
107 67
108 75
109 72
110 88
111 81
112 82
113 83
114 49
115 71
116 67
117 73
118 40
119 47
120 65
121 67
122 54
123 51
124 65
125 63
126 54
127 51
128 37
129 54
130 51
131 46
132 53
133 42
134 55
135 52
136 50
137 43
138 49
139 51
140 50
141 33
142 36
143 36
144 28
145 30
146 21
147 23
148 24
149 18
150 14
151 17
152 13
153 16
154 10
155 9
156 8
157 13
158 7
159 6
160 12
161 12
162 4
163 9
164 7
165 8
166 11
167 5
168 4
169 4
170 3
171 9
172 7
173 6
174 2
175 4
176 8
177 8
178 8
179 7
180 8
181 10
182 4
183 8
184 9
185 7
186 11
187 10
188 2
189 11
190 3
191 8
192 4
193 10
194 8
195 4
196 5
197 9
198 6
199 8
200 7
201 6
202 8
203 10
204 3
205 3
206 7
207 7
208 6
209 5
210 6
211 10
212 6
213 5
214 4
215 8
216 7
217 10
218 6
219 8
220 1
221 6
222 1
223 1
224 7
225 3
226 5
227 3
228 3
229 2
230 2
231 3
232 2
233 1
234 2
235 3
236 3
237 3
239 2
240 2
241 1
