2 1
5 3
6 3
7 2
8 8
9 15
10 16
11 18
12 9
13 9
14 9
15 1
16 1
17 1
21 1
22 1
25 2
27 2
28 1
29 3
30 5
31 6
32 11
33 11
34 17
35 23
36 21
37 43
38 29
39 29
40 41
41 33
42 40
43 46
44 52
45 57
46 59
47 67
48 51
49 47
50 49
51 61
52 48
53 42
54 49
55 46
56 40
57 36
58 56
59 42
60 40
61 41
62 31
63 32
64 42
65 44
66 36
67 29
68 33
69 34
70 34
71 36
72 30
73 40
74 43
75 38
76 48
77 51
78 36
79 52
80 45
81 34
82 42
83 36
84 52
85 51
86 47
87 44
88 45
89 50
90 56
91 34
92 34
93 33
94 32
95 53
96 33
97 45
98 47
99 61
100 41
101 46
102 55
103 63
104 59
105 63
106 91
107 67
108 71
109 69
110 80
111 76
112 75
113 86
114 70
115 56
116 68
117 73
118 46
119 52
120 57
121 67
122 58
123 51
124 63
125 69
126 56
127 41
128 43
129 52
130 53
131 52
132 43
133 49
134 40
135 49
136 43
137 61
138 50
139 50
140 50
141 32
142 39
143 31
144 27
145 36
146 25
147 22
148 16
149 12
150 19
151 17
152 12
153 11
154 14
155 11
156 8
157 11
158 9
159 12
160 9
161 10
162 5
163 8
164 7
165 7
166 7
167 9
168 7
169 2
170 6
171 5
172 5
173 7
174 8
175 4
176 9
177 11
178 5
179 9
180 7
181 8
182 4
183 7
184 7
185 9
186 11
187 9
188 4
189 6
190 7
191 6
192 4
193 11
194 4
195 3
196 8
197 7
198 8
199 10
200 10
201 9
202 10
203 6
204 5
205 5
206 6
207 6
208 9
209 7
210 4
211 5
212 9
213 3
214 2
215 8
216 4
217 8
218 9
219 3
220 3
221 5
223 5
224 7
225 5
226 2
227 4
228 3
229 3
230 1
231 2
232 2
233 2
234 3
235 2
236 4
237 2
239 3
240 2
242 1
