0 4
1 2
2 7
3 10
4 17
5 12
6 16
7 12
8 5
9 5
10 2
11 1
12 2
13 1
25 2
26 1
27 3
28 1
29 3
30 5
31 6
32 8
33 12
34 16
35 36
36 28
37 33
38 29
39 45
40 40
41 43
42 34
43 45
44 65
45 45
46 56
47 61
48 44
49 51
50 58
51 34
52 47
53 50
54 49
55 48
56 44
57 53
58 47
59 36
60 32
61 51
62 38
63 50
64 25
65 35
66 32
67 35
68 44
69 27
70 34
71 32
72 25
73 38
74 34
75 39
76 41
77 51
78 38
79 49
80 51
81 39
82 46
83 46
84 48
85 71
86 53
87 38
88 36
89 47
90 33
91 36
92 41
93 29
94 39
95 33
96 41
97 36
98 52
99 64
100 44
101 53
102 46
103 69
104 52
105 62
106 81
107 67
108 73
109 70
110 92
111 69
112 86
113 83
114 47
115 65
116 67
117 68
118 46
119 55
120 57
121 72
122 59
123 52
124 55
125 72
126 56
127 49
128 42
129 54
130 53
131 45
132 45
133 49
134 48
135 42
136 53
137 59
138 46
139 52
140 41
141 28
142 45
143 34
144 32
145 39
146 19
147 15
148 22
149 18
150 18
151 17
152 18
153 13
154 9
155 9
156 5
157 11
158 11
159 9
160 9
161 12
162 12
163 11
164 3
165 5
166 6
167 7
168 4
169 5
170 6
171 4
172 3
173 6
174 5
175 8
176 8
177 11
178 2
179 11
180 7
181 14
182 5
183 6
184 7
185 9
186 9
187 6
188 8
189 10
190 11
191 3
192 5
193 4
194 11
195 5
196 4
197 11
198 7
199 12
200 5
201 5
202 7
203 6
204 3
205 5
206 10
207 6
208 6
209 5
210 7
211 9
212 7
213 12
214 4
215 5
216 1
217 8
218 4
219 1
220 3
221 8
222 5
223 4
224 3
225 3
226 4
227 4
228 2
229 2
230 2
231 1
232 3
233 1
234 2
235 2
236 3
237 4
238 2
239 4
240 1
241 1
246 1
