0 95
1 1
2 0
3 0
4 0
5 0
6 0
7 0
8 0
9 0
10 0
11 0
12 0
13 0
14 0
15 0
16 0
17 0
18 0
19 0
20 0
21 0
22 0
23 0
24 1
25 2
26 1
27 1
28 0
29 3
30 12
31 12
32 10
33 13
34 21
35 26
36 34
37 44
38 37
39 18
40 42
41 59
42 65
43 50
44 31
45 46
46 64
47 54
48 66
49 70
50 61
51 24
52 33
53 48
54 31
55 63
56 58
57 44
58 32
59 49
60 41
61 27
62 54
63 37
64 16
65 31
66 30
67 37
68 24
69 43
70 29
71 31
72 36
73 30
74 38
75 28
76 62
77 31
78 34
79 48
80 46
81 25
82 32
83 42
84 47
85 59
86 50
87 40
88 43
89 69
90 41
91 22
92 43
93 45
94 35
95 24
96 33
97 39
98 70
99 86
100 65
101 23
102 47
103 55
104 54
105 51
106 92
107 52
108 65
109 71
110 74
111 70
112 101
113 88
114 43
115 48
116 97
117 47
118 44
119 58
120 90
121 58
122 41
123 63
124 56
125 91
126 70
127 33
128 25
129 56
130 59
131 43
132 61
133 45
134 42
135 53
136 55
137 39
138 43
139 48
140 45
141 58
142 36
143 26
144 38
145 37
146 25
147 34
148 13
149 10
150 9
151 19
152 16
153 13
154 24
155 8
156 6
157 4
158 9
159 7
160 14
161 15
162 4
163 5
164 6
165 9
166 6
167 12
168 6
169 2
170 1
171 6
172 6
173 13
174 5
175 5
176 4
177 9
178 6
179 5
180 12
181 11
182 4
183 4
184 6
185 9
186 6
187 7
188 7
189 8
190 8
191 6
192 8
193 12
194 3
195 7
196 10
197 5
198 9
199 11
200 7
201 7
202 1
203 6
204 4
205 7
206 6
207 12
208 7
209 1
210 8
211 7
212 4
213 5
214 6
215 10
216 1
217 4
218 11
219 1
220 5
221 8
222 4
223 2
224 3
225 2
226 3
227 2
228 2
229 2
230 2
231 1
232 1
233 6
234 2
235 2
236 3
237 7
238 1
239 2
240 2
241 0
242 1
243 2
244 0
245 0
246 0
247 0
248 0
249 0
250 0
251 0
252 0
253 0
254 0
255 0
