0 6
1 6
2 20
3 19
4 19
5 11
6 10
7 4
11 1
22 1
24 1
25 2
27 1
28 2
29 2
30 2
31 5
32 14
33 15
34 22
35 34
36 45
37 33
38 25
39 40
40 36
41 38
42 45
43 52
44 48
45 60
46 56
47 53
48 56
49 39
50 46
51 59
52 43
53 53
54 46
55 46
56 46
57 45
58 44
59 49
60 43
61 36
62 37
63 28
64 32
65 42
66 42
67 23
68 27
69 34
70 28
71 38
72 37
73 31
74 43
75 40
76 42
77 44
78 40
79 46
80 39
81 30
82 62
83 48
84 33
85 55
86 42
87 45
88 51
89 50
90 42
91 43
92 33
93 37
94 32
95 46
96 36
97 49
98 41
99 39
100 49
101 60
102 58
103 52
104 57
105 56
106 88
107 70
108 71
109 69
110 78
111 70
112 85
113 70
114 61
115 76
116 70
117 76
118 50
119 49
120 59
121 70
122 57
123 60
124 42
125 79
126 51
127 61
128 40
129 47
130 56
131 41
132 45
133 41
134 48
135 49
136 52
137 55
138 43
139 56
140 44
141 42
142 43
143 25
144 41
145 29
146 23
147 15
148 26
149 17
150 14
151 10
152 13
153 16
154 15
155 13
156 12
157 4
158 7
159 13
160 13
161 6
162 9
163 6
164 10
165 5
166 7
167 6
168 4
169 9
170 4
171 6
172 5
173 4
174 4
175 9
176 7
177 10
178 10
179 5
180 7
181 8
182 6
183 6
184 11
185 6
186 6
187 7
188 5
189 7
190 7
191 11
192 8
193 5
194 7
195 6
196 12
197 8
198 8
199 7
200 4
201 10
202 7
203 7
204 3
205 8
206 6
207 3
208 4
209 4
210 7
211 6
212 6
213 7
214 8
215 5
216 6
217 8
218 7
219 7
220 3
221 8
222 1
223 2
224 2
225 2
226 2
227 2
228 5
229 1
230 3
231 1
232 4
233 2
234 2
235 2
236 5
237 6
239 2
240 3
241 1
